v3.0 hex words addressed
000: 00000000 00000000 00000000 00000000 00000000 00000000 00000000 00000000
008: 00000000 00000000 00000000 00000000 00000000 00000000 00000000 00000000
010: 00000000 00000000 00000000 00000000 00000000 00000000 00000000 00000000
018: 00000000 00000000 00000000 00000000 00000000 00000000 00000000 00000000
020: 00000000 00000000 00000000 00000000 00000000 00000000 00000000 00000000
028: 00000000 00000000 00000000 00000000 00000000 00000000 00000000 00000000
030: 00000000 00000000 00000000 00000000 00000000 00000000 00000000 00000000
038: 00000000 00000000 00000000 00000000 00000000 00000000 00000000 00000000
040: 00000000 00000000 00000000 00000000 00000000 00000000 00000000 00000000
048: 00000000 00000000 00000000 00000000 00000000 00000000 00000000 00000000
050: 00000000 00000000 00000000 00000000 00000000 00000000 00000000 00000000
058: 00000000 00000000 00000000 00000000 00000000 00000000 00000000 00000000
060: 00000000 00000000 00000000 00000000 00000000 00000000 00000000 00000000
068: 00000000 00000000 00000000 00000000 00000000 00000000 00000000 00000000
070: 00000000 00000000 00000000 00000000 00000000 00000000 00000000 00000000
078: 00000000 00000000 00000000 00000000 00000000 00000000 00000000 00000000
080: 00000000 00000000 00000000 00000000 00000000 00000000 00000000 00000000
088: 00000000 00000000 00000000 00000000 00000000 00000000 00000000 00000000
090: 00000000 00000000 00000000 00000000 00000000 00000000 00000000 00000000
098: 00000000 00000000 00000000 00000000 00000000 00000000 00000000 00000000
0a0: 00000000 00000000 00000000 00000000 00000000 00000000 00000000 00000000
0a8: 00000000 00000000 00000000 00000000 00000000 00000000 00000000 00000000
0b0: 00000000 00000000 00000000 00000000 00000000 00000000 00000000 00000000
0b8: 00000000 00000000 00000000 00000000 00000000 00000000 00000000 00000000
0c0: 00000000 00000000 00000000 00000000 00000000 00000000 00000000 00000000
0c8: 00000000 00000000 00000000 00000000 00000000 00000000 00000000 00000000
0d0: 00000000 00000000 00000000 00000000 00000000 00000000 00000000 00000000
0d8: 00000000 00000000 00000000 00000000 00000000 00000000 00000000 00000000
0e0: 00000000 00000000 00000000 00000000 00000000 00000000 00000000 00000000
0e8: 00000000 00000000 00000000 00000000 00000000 00000000 00000000 00000000
0f0: 00000000 00000000 00000000 00000000 00000000 00000000 00000000 00000000
0f8: 00000000 00000000 00000000 00000000 00000000 00000000 00000000 00000000
100: 00000000 00000000 00000000 00000000 00000000 00000000 00000000 00000000
108: 00000000 00000000 00000000 00000000 00000000 00000000 00000000 00000000
110: 00000000 00000000 00000000 00000000 00000000 00000000 00000000 00000000
118: 00000000 00000000 00000000 00000000 00000000 00000000 00000000 00000000
120: 00000000 00000000 00000000 00000000 00000000 00000000 00000000 00000000
128: 00000000 00000000 00000000 00000000 00000000 00000000 00000000 00000000
130: 00000000 00000000 00000000 00000000 00000000 00000000 00000000 00000000
138: 00000000 00000000 00000000 00000000 00000000 00000000 00000000 00000000
140: 00000000 00000000 00000000 00000000 00000000 00000000 00000000 00000000
148: 00000000 00000000 00000000 00000000 00000000 00000000 00000000 00000000
150: 00000000 00000000 00000000 00000000 00000000 00000000 00000000 00000000
158: 00000000 00000000 00000000 00000000 00000000 00000000 00000000 00000000
160: 00000000 00000000 00000000 00000000 00000000 00000000 00000000 00000000
168: 00000000 00000000 00000000 00000000 00000000 00000000 00000000 00000000
170: 00000000 00000000 00000000 00000000 00000000 00000000 00000000 00000000
178: 00000000 00000000 00000000 00000000 00000000 00000000 00000000 00000000
180: 00000000 00000000 00000000 00000000 00000000 00000000 00000000 00000000
188: 00000000 00000000 00000000 00000000 00000000 00000000 00000000 00000000
190: 00000000 00000000 00000000 00000000 00000000 00000000 00000000 00000000
198: 00000000 00000000 00000000 00000000 00000000 00000000 00000000 00000000
1a0: 00000000 00000000 00000000 00000000 00000000 00000000 00000000 00000000
1a8: 00000000 00000000 00000000 00000000 00000000 00000000 00000000 00000000
1b0: 00000000 00000000 00000000 00000000 00000000 00000000 00000000 00000000
1b8: 00000000 00000000 00000000 00000000 00000000 00000000 00000000 00000000
1c0: 00000000 00000000 00000000 00000000 00000000 00000000 00000000 00000000
1c8: 00000000 00000000 00000000 00000000 00000000 00000000 00000000 00000000
1d0: 00000000 00000000 00000000 00000000 00000000 00000000 00000000 00000000
1d8: 00000000 00000000 00000000 00000000 00000000 00000000 00000000 00000000
1e0: 00000000 00000000 00000000 00000000 00000000 00000000 00000000 00000000
1e8: 00000000 00000000 00000000 00000000 00000000 00000000 00000000 00000000
1f0: 00000000 00000000 00000000 00000000 00000000 00000000 00000000 00000000
1f8: 00000000 00000000 00000000 00000000 00000000 00000000 00000000 00000000
